Basic Player Averages
-4.29
1.82
5.0
-1.43
-7.5
3.33
5.0
2.86
0.0
8.57
-1.33
1.43
0.0
-10.0
0.0
-5.0
0.0
0.0
10.0
1.43
2.86
-2.86
-4.29
4.29
-5.71
-2.5
3.33
-2.86
0.91
-3.64
1.82
-3.64
-4.29
-1.43
2.5
4.29
-2.86
-2.5
-2.86
-5.0
0.0
0.0
5.71
-5.0
5.0
-1.43
-4.0
-5.0
-5.71
-2.5
1.43
-2.86
0.0
0.0
0.0
0.0
0.0
0.0
0.0
0.0
0.0
0.0
0.0
0.0
0.0
0.0
0.0
0.0
0.0
0.0
0.0
0.0
0.0
0.0
0.0
0.0
0.0
0.0
0.0
0.0
0.0
0.0
0.0
0.0
0.0
0.0
0.0
0.0
0.0
0.0
0.0
0.0
0.0
0.0
0.0
0.0
0.0
0.0
0.0
0.0
0.0
0.0
0.0
0.0
0.0
0.0
0.0
0.0
0.0
0.0
0.0
0.0
0.0
0.0
0.0
0.0
0.0
0.0
0.0
0.0
0.0
0.0
0.0
0.0
0.0
0.0
0.0
0.0
0.0
0.0
0.0
0.0
0.0
0.0
0.0
0.0
0.0
0.0
0.0
Intermediate Player Averages
4.29
-3.64
5.0
1.43
2.5
-3.33
-5.0
4.29
-2.5
4.29
6.67
-1.43
0.0
-3.33
-2.5
0.0
-1.43
2.5
0.0
1.43
0.0
-1.43
-4.29
4.29
-4.29
-5.0
-3.33
7.14
-3.64
-6.36
-0.91
0.0
-2.86
1.43
5.0
1.43
1.43
0.0
-1.43
-5.0
-1.43
7.5
-4.29
5.0
7.5
7.14
-2.0
-2.5
-2.86
5.0
0.0
-7.14
2.22
1.88
-6.0
-6.0
0.0
-1.11
0.0
2.0
2.0
-2.0
2.0
6.0
-2.0
-6.0
-5.56
2.0
-2.0
0.0
-6.0
0.71
0.0
0.0
4.0
-2.0
0.0
3.0
2.0
0.42
1.33
-6.0
0.0
2.0
0.0
4.0
8.0
0.0
-8.0
10.0
0.0
0.0
0.0
-2.0
2.0
-4.44
-2.0
-2.86
-3.64
-2.0
4.0
6.0
-6.0
-4.0
-2.0
-10.0
0.53
2.0
-2.22
2.0
2.0
4.0
-6.43
-4.0
4.0
6.0
0.0
-2.0
6.0
4.5
6.0
-2.0
-2.0
2.0
-2.0
4.0
-4.0
0.0
-3.33
0.0
4.0
-6.0
-4.0
2.0
2.0
6.0
4.0
-4.44
-6.0
Advanced Player Averages
-4.29
-7.27
20.0
12.86
-5.0
0.0
5.0
5.71
15.0
2.86
1.33
7.14
7.5
-10.0
2.5
-2.5
5.71
5.0
-5.0
11.43
12.86
7.14
-22.86
-4.29
-5.71
0.0
13.33
1.43
2.73
-2.73
0.0
7.27
-10.0
5.71
7.5
-5.71
11.43
2.5
-5.71
-12.5
-5.71
7.5
-2.86
-2.5
-5.0
7.14
-14.0
0.0
-2.86
-2.5
5.71
-5.71
-4.44
0.63
2.0
-2.0
6.0
-3.33
-2.0
6.0
-4.0
2.0
4.0
-6.0
-8.0
0.0
0.0
4.0
-8.0
-6.0
-2.0
-0.71
-2.0
4.0
6.0
0.0
-2.0
5.0
4.25
0.83
-2.67
-6.0
2.0
-2.0
-3.33
-8.0
14.0
2.0
-12.0
6.0
0.71
0.0
-2.0
2.0
-6.0
-8.89
0.0
-9.29
8.18
-8.0
20.0
-14.0
6.0
-10.0
8.67
-22.0
0.53
10.0
-1.11
36.0
14.0
12.0
0.0
-6.0
-26.0
6.0
14.0
8.0
10.0
1.0
12.0
2.0
-2.0
4.0
10.0
12.0
-6.0
-3.64
-6.67
2.0
4.0
4.0
-38.0
-20.0
4.0
2.0
-2.0
-5.56
0.0
